0.000000000000000000e+00 0.000000000000000000e+00 1.010921380000000056e+02 0.000000000000000000e+00 0.000000000000000000e+00 5.070852800000000116e+01 3.208338599999999730e+01 3.580384099999999847e+01 0.000000000000000000e+00 7.418721200000000238e+01 1.004113959999999963e+02 0.000000000000000000e+00 7.676122700000000521e+01 2.932443200000000161e+01 0.000000000000000000e+00 0.000000000000000000e+00 1.037362889999999993e+02 1.361734069999999974e+02 1.252129780000000068e+02 0.000000000000000000e+00 7.538828599999999369e+01 0.000000000000000000e+00 8.743056400000000394e+01 0.000000000000000000e+00 0.000000000000000000e+00 1.254479960000000034e+02 1.301611479999999972e+02 8.689737900000000081e+01 2.086165899999999951e+01 3.086579700000000059e+01 0.000000000000000000e+00 7.134360499999999661e+01 0.000000000000000000e+00 5.639597700000000202e+01 0.000000000000000000e+00 0.000000000000000000e+00 0.000000000000000000e+00 0.000000000000000000e+00 0.000000000000000000e+00 0.000000000000000000e+00 0.000000000000000000e+00 0.000000000000000000e+00 0.000000000000000000e+00 0.000000000000000000e+00 0.000000000000000000e+00 0.000000000000000000e+00 0.000000000000000000e+00 0.000000000000000000e+00 0.000000000000000000e+00 0.000000000000000000e+00 0.000000000000000000e+00 0.000000000000000000e+00 0.000000000000000000e+00 0.000000000000000000e+00 0.000000000000000000e+00 0.000000000000000000e+00 0.000000000000000000e+00 0.000000000000000000e+00 0.000000000000000000e+00 0.000000000000000000e+00 0.000000000000000000e+00 0.000000000000000000e+00 0.000000000000000000e+00 0.000000000000000000e+00 0.000000000000000000e+00 0.000000000000000000e+00 0.000000000000000000e+00 0.000000000000000000e+00
0.000000000000000000e+00 0.000000000000000000e+00 4.273857100000000031e+01 0.000000000000000000e+00 1.395689240000000098e+02 0.000000000000000000e+00 0.000000000000000000e+00 0.000000000000000000e+00 6.638683899999999483e+01 0.000000000000000000e+00 6.156138700000000341e+01 0.000000000000000000e+00 5.573145999999999844e+01 1.181135440000000045e+02 1.235249040000000065e+02 5.876562100000000299e+01 5.097115399999999852e+01 7.913840500000000588e+01 7.806773499999999899e+01 0.000000000000000000e+00 0.000000000000000000e+00 4.852207500000000095e+01 0.000000000000000000e+00 8.166199899999999445e+01 3.833297000000000310e+01 6.232047099999999773e+01 4.645675599999999861e+01 0.000000000000000000e+00 1.193732830000000007e+02 0.000000000000000000e+00 6.761155899999999974e+01 1.468552809999999909e+02 0.000000000000000000e+00 8.389973000000000525e+01 0.000000000000000000e+00 0.000000000000000000e+00 0.000000000000000000e+00 0.000000000000000000e+00 0.000000000000000000e+00 0.000000000000000000e+00 0.000000000000000000e+00 0.000000000000000000e+00 0.000000000000000000e+00 0.000000000000000000e+00 9.093987500000000068e+01 0.000000000000000000e+00 9.474406299999999703e+01 0.000000000000000000e+00 0.000000000000000000e+00 0.000000000000000000e+00 0.000000000000000000e+00 0.000000000000000000e+00 0.000000000000000000e+00 0.000000000000000000e+00 0.000000000000000000e+00 0.000000000000000000e+00 0.000000000000000000e+00 1.182230909999999966e+02 0.000000000000000000e+00 1.129566760000000016e+02 5.957505799999999851e+01 0.000000000000000000e+00 0.000000000000000000e+00 0.000000000000000000e+00 0.000000000000000000e+00 0.000000000000000000e+00 0.000000000000000000e+00 9.229918100000000436e+01
1.010921380000000056e+02 4.273857100000000031e+01 0.000000000000000000e+00 0.000000000000000000e+00 0.000000000000000000e+00 1.215048460000000006e+02 9.982458900000000313e+01 1.179497790000000066e+02 0.000000000000000000e+00 1.228574639999999931e+02 1.086420909999999935e+02 0.000000000000000000e+00 0.000000000000000000e+00 1.170957060000000070e+02 0.000000000000000000e+00 8.092979400000000112e+01 5.095459000000000316e+01 8.539553800000000194e+01 6.268813600000000008e+01 0.000000000000000000e+00 6.760038600000000031e+01 0.000000000000000000e+00 3.879600299999999891e+01 9.360341999999999985e+01 0.000000000000000000e+00 3.322990699999999720e+01 3.595023499999999927e+01 8.515281699999999887e+01 1.054680330000000055e+02 8.556674999999999898e+01 0.000000000000000000e+00 1.644215220000000102e+02 0.000000000000000000e+00 6.080153899999999823e+01 0.000000000000000000e+00 7.424333199999999522e+01 9.929474799999999846e+01 0.000000000000000000e+00 0.000000000000000000e+00 0.000000000000000000e+00 0.000000000000000000e+00 0.000000000000000000e+00 0.000000000000000000e+00 0.000000000000000000e+00 0.000000000000000000e+00 0.000000000000000000e+00 0.000000000000000000e+00 0.000000000000000000e+00 0.000000000000000000e+00 1.228078050000000019e+02 1.069681360000000012e+02 0.000000000000000000e+00 1.092253939999999943e+02 0.000000000000000000e+00 1.571798369999999920e+02 0.000000000000000000e+00 1.061065969999999936e+02 1.605515809999999988e+02 0.000000000000000000e+00 1.008093250000000012e+02 9.479114900000000432e+01 1.589488800000000026e+02 0.000000000000000000e+00 0.000000000000000000e+00 0.000000000000000000e+00 0.000000000000000000e+00 0.000000000000000000e+00 0.000000000000000000e+00
0.000000000000000000e+00 0.000000000000000000e+00 0.000000000000000000e+00 0.000000000000000000e+00 9.266883500000000140e+01 7.064112000000000080e+01 3.935798799999999886e+01 1.062354909999999961e+02 4.724051000000000045e+01 1.751533799999999985e+01 0.000000000000000000e+00 4.415456499999999807e+01 1.306377319999999997e+02 1.105968119999999999e+02 7.809230599999999356e+01 0.000000000000000000e+00 0.000000000000000000e+00 0.000000000000000000e+00 0.000000000000000000e+00 1.626851500000000073e+01 0.000000000000000000e+00 0.000000000000000000e+00 0.000000000000000000e+00 2.126345200000000091e+01 0.000000000000000000e+00 0.000000000000000000e+00 1.880884120000000053e+02 1.606155599999999950e+01 1.086463020000000057e+02 0.000000000000000000e+00 0.000000000000000000e+00 1.202427129999999948e+02 0.000000000000000000e+00 1.178905879999999939e+02 0.000000000000000000e+00 0.000000000000000000e+00 0.000000000000000000e+00 1.452822419999999966e+02 0.000000000000000000e+00 1.591854350000000125e+02 1.379171049999999923e+02 1.721512940000000071e+02 0.000000000000000000e+00 1.499773790000000133e+02 0.000000000000000000e+00 1.248091830000000044e+02 0.000000000000000000e+00 1.790539430000000038e+02 0.000000000000000000e+00 0.000000000000000000e+00 0.000000000000000000e+00 0.000000000000000000e+00 0.000000000000000000e+00 1.496356189999999913e+02 0.000000000000000000e+00 0.000000000000000000e+00 0.000000000000000000e+00 8.211228599999999744e+01 0.000000000000000000e+00 0.000000000000000000e+00 0.000000000000000000e+00 1.401343349999999930e+02 1.893172250000000076e+02 0.000000000000000000e+00 0.000000000000000000e+00 0.000000000000000000e+00 0.000000000000000000e+00 1.845036929999999984e+02
0.000000000000000000e+00 1.395689240000000098e+02 0.000000000000000000e+00 9.266883500000000140e+01 0.000000000000000000e+00 2.524635699999999972e+01 0.000000000000000000e+00 0.000000000000000000e+00 6.095810399999999873e+01 1.178062440000000066e+02 1.953626350000000116e+02 7.197854599999999436e+01 1.904095800000000054e+02 0.000000000000000000e+00 1.982612900000000167e+01 0.000000000000000000e+00 0.000000000000000000e+00 0.000000000000000000e+00 0.000000000000000000e+00 9.120332799999999907e+01 0.000000000000000000e+00 1.097868100000000027e+02 0.000000000000000000e+00 9.557562799999999470e+01 1.774470630000000142e+02 1.943612400000000093e+02 1.789312649999999962e+02 1.060869770000000045e+02 0.000000000000000000e+00 0.000000000000000000e+00 0.000000000000000000e+00 1.463205100000000058e+01 0.000000000000000000e+00 1.331384500000000060e+01 0.000000000000000000e+00 0.000000000000000000e+00 0.000000000000000000e+00 0.000000000000000000e+00 0.000000000000000000e+00 0.000000000000000000e+00 0.000000000000000000e+00 0.000000000000000000e+00 0.000000000000000000e+00 0.000000000000000000e+00 0.000000000000000000e+00 0.000000000000000000e+00 0.000000000000000000e+00 0.000000000000000000e+00 0.000000000000000000e+00 0.000000000000000000e+00 0.000000000000000000e+00 0.000000000000000000e+00 0.000000000000000000e+00 0.000000000000000000e+00 0.000000000000000000e+00 0.000000000000000000e+00 0.000000000000000000e+00 0.000000000000000000e+00 0.000000000000000000e+00 0.000000000000000000e+00 0.000000000000000000e+00 0.000000000000000000e+00 0.000000000000000000e+00 0.000000000000000000e+00 0.000000000000000000e+00 0.000000000000000000e+00 0.000000000000000000e+00 0.000000000000000000e+00
5.070852800000000116e+01 0.000000000000000000e+00 1.215048460000000006e+02 7.064112000000000080e+01 2.524635699999999972e+01 0.000000000000000000e+00 5.032110699999999781e+01 2.634588099999999855e+01 7.155231100000000311e+01 2.995201700000000145e+01 1.145596809999999977e+02 3.496153000000000333e+01 9.486991500000000599e+01 5.468132500000000107e+01 1.868340699999999899e+01 0.000000000000000000e+00 1.309516859999999951e+02 1.400614610000000084e+02 1.421430709999999920e+02 6.368911700000000309e+01 8.374727599999999939e+01 0.000000000000000000e+00 1.079760239999999953e+02 7.896175100000000668e+01 0.000000000000000000e+00 1.509425940000000139e+02 1.587840579999999875e+02 6.115928600000000159e+01 7.118593099999999652e+01 7.238726400000000183e+01 0.000000000000000000e+00 3.515610099999999960e+01 0.000000000000000000e+00 5.400852499999999878e+01 0.000000000000000000e+00 0.000000000000000000e+00 0.000000000000000000e+00 1.636892369999999914e+02 0.000000000000000000e+00 0.000000000000000000e+00 1.579963919999999860e+02 1.895653289999999913e+02 0.000000000000000000e+00 1.565006899999999916e+02 2.340651059999999859e+02 0.000000000000000000e+00 0.000000000000000000e+00 1.853834099999999978e+02 0.000000000000000000e+00 0.000000000000000000e+00 0.000000000000000000e+00 0.000000000000000000e+00 0.000000000000000000e+00 1.073364420000000052e+02 0.000000000000000000e+00 0.000000000000000000e+00 0.000000000000000000e+00 1.355758209999999906e+02 0.000000000000000000e+00 0.000000000000000000e+00 2.129686639999999898e+02 1.507588340000000073e+02 1.919812039999999911e+02 0.000000000000000000e+00 0.000000000000000000e+00 0.000000000000000000e+00 0.000000000000000000e+00 0.000000000000000000e+00
3.208338599999999730e+01 0.000000000000000000e+00 9.982458900000000313e+01 3.935798799999999886e+01 0.000000000000000000e+00 5.032110699999999781e+01 0.000000000000000000e+00 5.529501100000000235e+01 5.721678800000000109e+01 2.457026400000000166e+01 1.414395379999999989e+02 4.799338300000000146e+01 1.082614910000000066e+02 5.284991899999999987e+01 5.688487299999999891e+01 0.000000000000000000e+00 1.158210009999999954e+02 1.656311800000000005e+02 1.421307840000000056e+02 5.147963500000000181e+01 5.651444200000000251e+01 0.000000000000000000e+00 7.554023399999999810e+01 4.575518399999999986e+01 0.000000000000000000e+00 1.320095200000000091e+02 1.259566410000000047e+02 4.292581200000000052e+01 7.016764200000000073e+01 2.342661800000000127e+01 0.000000000000000000e+00 1.184403020000000026e+02 7.648571499999999901e+01 8.396550899999999729e+01 0.000000000000000000e+00 0.000000000000000000e+00 0.000000000000000000e+00 1.549445259999999962e+02 0.000000000000000000e+00 0.000000000000000000e+00 1.355318929999999966e+02 1.779547300000000121e+02 0.000000000000000000e+00 1.446671900000000051e+02 0.000000000000000000e+00 0.000000000000000000e+00 0.000000000000000000e+00 1.723183809999999880e+02 0.000000000000000000e+00 0.000000000000000000e+00 0.000000000000000000e+00 0.000000000000000000e+00 0.000000000000000000e+00 1.630049160000000086e+02 1.273812020000000018e+02 0.000000000000000000e+00 1.586018039999999871e+02 1.231149489999999957e+02 0.000000000000000000e+00 2.182761079999999936e+02 1.912557459999999878e+02 1.384413820000000044e+02 0.000000000000000000e+00 1.322718160000000012e+02 0.000000000000000000e+00 0.000000000000000000e+00 0.000000000000000000e+00 1.578302480000000116e+02
3.580384099999999847e+01 0.000000000000000000e+00 1.179497790000000066e+02 1.062354909999999961e+02 0.000000000000000000e+00 2.634588099999999855e+01 5.529501100000000235e+01 0.000000000000000000e+00 9.303469200000000683e+01 5.253305900000000150e+01 7.827031999999999812e+01 8.230689300000000230e+01 5.266443799999999698e+01 2.628545599999999993e+01 0.000000000000000000e+00 0.000000000000000000e+00 1.268349510000000038e+02 1.141746909999999957e+02 1.317741680000000031e+02 9.016910000000000025e+01 8.852411899999999889e+01 0.000000000000000000e+00 1.044692720000000037e+02 9.897867599999999300e+01 0.000000000000000000e+00 1.376796109999999942e+02 1.174275839999999960e+02 9.572141000000000588e+01 3.365805699999999945e+01 6.915098500000000570e+01 1.047557769999999948e+02 2.274893099999999890e+01 0.000000000000000000e+00 5.123861800000000244e+01 0.000000000000000000e+00 0.000000000000000000e+00 0.000000000000000000e+00 0.000000000000000000e+00 0.000000000000000000e+00 0.000000000000000000e+00 1.574448059999999998e+02 1.685025190000000066e+02 0.000000000000000000e+00 1.834232849999999928e+02 0.000000000000000000e+00 0.000000000000000000e+00 0.000000000000000000e+00 1.905132460000000094e+02 0.000000000000000000e+00 0.000000000000000000e+00 0.000000000000000000e+00 0.000000000000000000e+00 0.000000000000000000e+00 1.609851179999999999e+02 1.550673470000000123e+02 0.000000000000000000e+00 0.000000000000000000e+00 1.465173870000000136e+02 0.000000000000000000e+00 1.673765390000000082e+02 1.628098970000000065e+02 1.617562890000000095e+02 1.958872959999999921e+02 1.636156169999999861e+02 0.000000000000000000e+00 0.000000000000000000e+00 0.000000000000000000e+00 1.385534700000000043e+02
0.000000000000000000e+00 6.638683899999999483e+01 0.000000000000000000e+00 4.724051000000000045e+01 6.095810399999999873e+01 7.155231100000000311e+01 5.721678800000000109e+01 9.303469200000000683e+01 0.000000000000000000e+00 6.360436099999999726e+01 1.383358230000000049e+02 1.370036400000000043e+01 1.341146889999999985e+02 9.711906000000000461e+01 4.613102399999999648e+01 0.000000000000000000e+00 0.000000000000000000e+00 0.000000000000000000e+00 1.422752989999999897e+02 4.667988499999999874e+01 0.000000000000000000e+00 2.837643100000000018e+01 0.000000000000000000e+00 3.332882299999999987e+01 1.110899490000000043e+02 1.306105829999999912e+02 1.170070350000000019e+02 5.397744800000000254e+01 9.016534699999999702e+01 0.000000000000000000e+00 1.475064240000000098e+02 8.170294499999999971e+01 6.942234999999999445e+01 1.101612819999999999e+02 0.000000000000000000e+00 0.000000000000000000e+00 0.000000000000000000e+00 9.076635899999999424e+01 0.000000000000000000e+00 0.000000000000000000e+00 0.000000000000000000e+00 1.029879159999999985e+02 1.624557799999999830e+01 8.906967899999999361e+01 1.752716279999999927e+02 6.931722499999999343e+01 1.756092460000000131e+02 1.129956140000000033e+02 0.000000000000000000e+00 0.000000000000000000e+00 0.000000000000000000e+00 0.000000000000000000e+00 0.000000000000000000e+00 8.670210099999999898e+01 6.881494299999999953e+01 1.473845599999999934e+01 0.000000000000000000e+00 6.215979899999999958e+01 0.000000000000000000e+00 0.000000000000000000e+00 0.000000000000000000e+00 7.838212199999999541e+01 1.048489349999999973e+02 7.085986699999999416e+01 0.000000000000000000e+00 0.000000000000000000e+00 0.000000000000000000e+00 0.000000000000000000e+00
7.418721200000000238e+01 0.000000000000000000e+00 1.228574639999999931e+02 1.751533799999999985e+01 1.178062440000000066e+02 2.995201700000000145e+01 2.457026400000000166e+01 5.253305900000000150e+01 6.360436099999999726e+01 0.000000000000000000e+00 1.501456009999999992e+02 2.874019699999999844e+01 1.182186889999999977e+02 9.922385300000000541e+01 7.280414700000000039e+01 0.000000000000000000e+00 1.920435940000000130e+02 1.706134710000000041e+02 1.670178300000000036e+02 1.592338799999999921e+01 8.241609300000000360e+01 0.000000000000000000e+00 1.072340990000000005e+02 6.223102500000000248e+01 0.000000000000000000e+00 1.562378530000000012e+02 1.749371510000000001e+02 2.889381300000000152e+01 1.137508200000000045e+02 9.440171700000000499e+01 0.000000000000000000e+00 1.217331879999999984e+02 9.000680800000000659e+01 9.839758600000000399e+01 0.000000000000000000e+00 0.000000000000000000e+00 0.000000000000000000e+00 1.600989199999999926e+02 0.000000000000000000e+00 1.633976279999999974e+02 1.579001949999999965e+02 1.828864240000000052e+02 0.000000000000000000e+00 1.598791999999999973e+02 2.331153050000000064e+02 1.449866560000000106e+02 0.000000000000000000e+00 1.881871109999999874e+02 0.000000000000000000e+00 0.000000000000000000e+00 0.000000000000000000e+00 0.000000000000000000e+00 0.000000000000000000e+00 1.622683810000000051e+02 0.000000000000000000e+00 0.000000000000000000e+00 0.000000000000000000e+00 1.377619599999999878e+02 0.000000000000000000e+00 0.000000000000000000e+00 0.000000000000000000e+00 1.555057060000000035e+02 1.882903990000000078e+02 0.000000000000000000e+00 0.000000000000000000e+00 0.000000000000000000e+00 0.000000000000000000e+00 1.879605740000000083e+02
1.004113959999999963e+02 6.156138700000000341e+01 1.086420909999999935e+02 0.000000000000000000e+00 1.953626350000000116e+02 1.145596809999999977e+02 1.414395379999999989e+02 7.827031999999999812e+01 1.383358230000000049e+02 1.501456009999999992e+02 0.000000000000000000e+00 1.335035340000000019e+02 1.905021699999999996e+01 8.532008000000000436e+01 1.906431770000000085e+02 0.000000000000000000e+00 5.577217199999999764e+01 1.948650800000000061e+01 2.460870399999999947e+01 1.473679530000000000e+02 1.264869170000000054e+02 9.955724800000000130e+01 1.451986469999999940e+02 1.495367359999999906e+02 2.433703300000000169e+01 2.243208699999999922e+01 4.500221799999999917e+01 1.520170080000000041e+02 7.447555300000000500e+01 1.379850979999999936e+02 2.935071200000000147e+01 7.071866300000000649e+01 0.000000000000000000e+00 2.802665800000000118e+01 0.000000000000000000e+00 8.689149999999999352e+01 0.000000000000000000e+00 0.000000000000000000e+00 0.000000000000000000e+00 0.000000000000000000e+00 2.076072330000000079e+02 1.487344129999999893e+02 0.000000000000000000e+00 2.123859950000000083e+02 7.072544499999999346e+01 0.000000000000000000e+00 7.205051799999999673e+01 1.501969560000000001e+02 0.000000000000000000e+00 0.000000000000000000e+00 0.000000000000000000e+00 8.551310800000000256e+01 1.108884520000000009e+02 0.000000000000000000e+00 2.092589769999999874e+02 0.000000000000000000e+00 0.000000000000000000e+00 2.003063649999999996e+02 6.108889599999999831e+01 8.626409900000000164e+01 8.926363800000000026e+01 2.137928290000000118e+02 1.541137600000000134e+02 2.114656219999999962e+02 8.509402099999999791e+01 1.035633100000000013e+02 0.000000000000000000e+00 8.683649499999999932e+01
0.000000000000000000e+00 0.000000000000000000e+00 0.000000000000000000e+00 4.415456499999999807e+01 7.197854599999999436e+01 3.496153000000000333e+01 4.799338300000000146e+01 8.230689300000000230e+01 1.370036400000000043e+01 2.874019699999999844e+01 1.335035340000000019e+02 0.000000000000000000e+00 1.198391759999999948e+02 9.169812699999999950e+01 3.256139900000000154e+01 0.000000000000000000e+00 1.588056469999999933e+02 1.519129120000000057e+02 1.512803370000000029e+02 1.411431900000000006e+01 0.000000000000000000e+00 0.000000000000000000e+00 0.000000000000000000e+00 1.594557200000000030e+01 0.000000000000000000e+00 1.613745040000000017e+02 1.687544190000000128e+02 5.218412200000000212e+01 1.075977769999999936e+02 0.000000000000000000e+00 0.000000000000000000e+00 9.786126500000000306e+01 0.000000000000000000e+00 9.499648600000000442e+01 0.000000000000000000e+00 0.000000000000000000e+00 0.000000000000000000e+00 1.331990089999999896e+02 0.000000000000000000e+00 0.000000000000000000e+00 0.000000000000000000e+00 1.776948460000000125e+02 0.000000000000000000e+00 1.383372439999999983e+02 0.000000000000000000e+00 1.111509499999999946e+02 0.000000000000000000e+00 0.000000000000000000e+00 0.000000000000000000e+00 0.000000000000000000e+00 0.000000000000000000e+00 0.000000000000000000e+00 0.000000000000000000e+00 4.991032100000000327e+01 0.000000000000000000e+00 0.000000000000000000e+00 0.000000000000000000e+00 1.206712600000000037e+02 0.000000000000000000e+00 2.028997129999999913e+02 2.193467310000000055e+02 1.390594920000000059e+02 0.000000000000000000e+00 0.000000000000000000e+00 0.000000000000000000e+00 0.000000000000000000e+00 0.000000000000000000e+00 0.000000000000000000e+00
7.676122700000000521e+01 5.573145999999999844e+01 0.000000000000000000e+00 1.306377319999999997e+02 1.904095800000000054e+02 9.486991500000000599e+01 1.082614910000000066e+02 5.266443799999999698e+01 1.341146889999999985e+02 1.182186889999999977e+02 1.905021699999999996e+01 1.198391759999999948e+02 0.000000000000000000e+00 6.013651399999999825e+01 1.861320020000000000e+02 0.000000000000000000e+00 0.000000000000000000e+00 4.718305900000000008e+01 6.481954100000000096e+01 1.262168779999999941e+02 0.000000000000000000e+00 8.807227600000000223e+01 0.000000000000000000e+00 1.348387659999999926e+02 2.379960099999999912e+01 2.295978600000000114e+01 3.882514900000000324e+01 1.226335820000000041e+02 6.559902700000000664e+01 1.106482670000000041e+02 1.703268999999999878e+01 6.173716100000000040e+01 0.000000000000000000e+00 2.745456300000000027e+01 0.000000000000000000e+00 8.110021700000000067e+01 0.000000000000000000e+00 0.000000000000000000e+00 0.000000000000000000e+00 0.000000000000000000e+00 0.000000000000000000e+00 1.542682900000000075e+02 0.000000000000000000e+00 0.000000000000000000e+00 6.994429999999999836e+01 0.000000000000000000e+00 7.077517600000000186e+01 1.566820759999999950e+02 0.000000000000000000e+00 0.000000000000000000e+00 1.319807940000000031e+02 8.591594700000000273e+01 1.106550840000000022e+02 0.000000000000000000e+00 0.000000000000000000e+00 0.000000000000000000e+00 0.000000000000000000e+00 1.707419460000000129e+02 5.582584800000000058e+01 8.721134700000000350e+01 9.160278599999999471e+01 1.776136850000000038e+02 1.441496980000000008e+02 1.987065279999999916e+02 8.138089300000000037e+01 0.000000000000000000e+00 0.000000000000000000e+00 6.906157699999999977e+01
2.932443200000000161e+01 1.181135440000000045e+02 1.170957060000000070e+02 1.105968119999999999e+02 0.000000000000000000e+00 5.468132500000000107e+01 5.284991899999999987e+01 2.628545599999999993e+01 9.711906000000000461e+01 9.922385300000000541e+01 8.532008000000000436e+01 9.169812699999999950e+01 6.013651399999999825e+01 0.000000000000000000e+00 0.000000000000000000e+00 1.709298149999999907e+02 1.181701979999999992e+02 1.195087780000000066e+02 1.283383469999999988e+02 9.403152199999999539e+01 8.605927200000000710e+01 0.000000000000000000e+00 1.043930419999999941e+02 1.035955000000000013e+02 0.000000000000000000e+00 1.355050060000000087e+02 1.175989220000000017e+02 1.027558010000000053e+02 3.772841999999999985e+01 5.495910200000000145e+01 1.128367379999999969e+02 2.082996699999999990e+01 0.000000000000000000e+00 4.729058500000000009e+01 0.000000000000000000e+00 0.000000000000000000e+00 0.000000000000000000e+00 0.000000000000000000e+00 0.000000000000000000e+00 0.000000000000000000e+00 1.664384959999999865e+02 1.847754030000000114e+02 0.000000000000000000e+00 1.769185500000000104e+02 1.946302990000000079e+02 0.000000000000000000e+00 1.511024830000000065e+02 2.047039200000000108e+02 0.000000000000000000e+00 0.000000000000000000e+00 0.000000000000000000e+00 0.000000000000000000e+00 1.729082490000000121e+02 1.553052869999999928e+02 1.536877079999999864e+02 0.000000000000000000e+00 0.000000000000000000e+00 1.519296170000000075e+02 0.000000000000000000e+00 1.626853930000000048e+02 1.718884820000000104e+02 1.681311849999999879e+02 1.999663290000000018e+02 1.620473049999999944e+02 0.000000000000000000e+00 0.000000000000000000e+00 0.000000000000000000e+00 0.000000000000000000e+00
0.000000000000000000e+00 1.235249040000000065e+02 0.000000000000000000e+00 7.809230599999999356e+01 1.982612900000000167e+01 1.868340699999999899e+01 5.688487299999999891e+01 0.000000000000000000e+00 4.613102399999999648e+01 7.280414700000000039e+01 1.906431770000000085e+02 3.256139900000000154e+01 1.861320020000000000e+02 0.000000000000000000e+00 0.000000000000000000e+00 0.000000000000000000e+00 0.000000000000000000e+00 0.000000000000000000e+00 0.000000000000000000e+00 7.894235700000000122e+01 0.000000000000000000e+00 9.342162799999999834e+01 0.000000000000000000e+00 7.428388200000000552e+01 1.601728319999999997e+02 1.797234899999999982e+02 1.623650550000000123e+02 8.793143999999999494e+01 1.393870320000000049e+02 0.000000000000000000e+00 1.898593140000000119e+02 3.846638699999999744e+01 0.000000000000000000e+00 1.460640840000000082e+02 0.000000000000000000e+00 0.000000000000000000e+00 0.000000000000000000e+00 0.000000000000000000e+00 0.000000000000000000e+00 0.000000000000000000e+00 0.000000000000000000e+00 0.000000000000000000e+00 0.000000000000000000e+00 0.000000000000000000e+00 0.000000000000000000e+00 0.000000000000000000e+00 0.000000000000000000e+00 0.000000000000000000e+00 0.000000000000000000e+00 0.000000000000000000e+00 0.000000000000000000e+00 0.000000000000000000e+00 0.000000000000000000e+00 0.000000000000000000e+00 0.000000000000000000e+00 0.000000000000000000e+00 0.000000000000000000e+00 0.000000000000000000e+00 0.000000000000000000e+00 0.000000000000000000e+00 0.000000000000000000e+00 0.000000000000000000e+00 0.000000000000000000e+00 0.000000000000000000e+00 0.000000000000000000e+00 0.000000000000000000e+00 0.000000000000000000e+00 0.000000000000000000e+00
0.000000000000000000e+00 5.876562100000000299e+01 8.092979400000000112e+01 0.000000000000000000e+00 0.000000000000000000e+00 0.000000000000000000e+00 0.000000000000000000e+00 0.000000000000000000e+00 0.000000000000000000e+00 0.000000000000000000e+00 0.000000000000000000e+00 0.000000000000000000e+00 0.000000000000000000e+00 1.709298149999999907e+02 0.000000000000000000e+00 0.000000000000000000e+00 1.070178520000000049e+02 0.000000000000000000e+00 1.166643389999999982e+02 0.000000000000000000e+00 2.188352000000000075e+01 3.290482300000000038e+01 1.602300999999999931e+01 2.469644399999999962e+01 0.000000000000000000e+00 1.142030740000000009e+02 4.781440800000000024e+01 2.604862100000000069e+01 0.000000000000000000e+00 8.411038700000000290e+01 0.000000000000000000e+00 0.000000000000000000e+00 0.000000000000000000e+00 9.591479999999999961e+01 0.000000000000000000e+00 0.000000000000000000e+00 1.138196769999999987e+02 0.000000000000000000e+00 0.000000000000000000e+00 0.000000000000000000e+00 1.256012549999999948e+02 0.000000000000000000e+00 0.000000000000000000e+00 0.000000000000000000e+00 0.000000000000000000e+00 0.000000000000000000e+00 0.000000000000000000e+00 1.455740329999999858e+02 0.000000000000000000e+00 1.096900069999999943e+02 0.000000000000000000e+00 0.000000000000000000e+00 0.000000000000000000e+00 0.000000000000000000e+00 1.198153209999999973e+02 5.123803399999999897e+01 1.102200749999999942e+02 1.078032500000000056e+02 0.000000000000000000e+00 1.622463740000000030e+02 9.748281500000000221e+01 1.235617909999999995e+02 1.421226519999999880e+02 1.275001309999999961e+02 0.000000000000000000e+00 0.000000000000000000e+00 0.000000000000000000e+00 0.000000000000000000e+00
1.037362889999999993e+02 5.097115399999999852e+01 5.095459000000000316e+01 0.000000000000000000e+00 0.000000000000000000e+00 1.309516859999999951e+02 1.158210009999999954e+02 1.268349510000000038e+02 0.000000000000000000e+00 1.920435940000000130e+02 5.577217199999999764e+01 1.588056469999999933e+02 0.000000000000000000e+00 1.181701979999999992e+02 0.000000000000000000e+00 1.070178520000000049e+02 0.000000000000000000e+00 4.235373100000000335e+01 2.521044799999999952e+01 0.000000000000000000e+00 5.843949400000000338e+01 0.000000000000000000e+00 3.172201599999999999e+01 1.259882400000000047e+02 0.000000000000000000e+00 2.898837400000000031e+01 6.257923799999999659e+01 1.194394829999999956e+02 9.932390700000000550e+01 7.414045500000000288e+01 0.000000000000000000e+00 1.338845369999999946e+02 9.207156000000000518e+01 4.620961499999999944e+01 0.000000000000000000e+00 7.047586499999999887e+01 1.090680310000000048e+02 0.000000000000000000e+00 0.000000000000000000e+00 0.000000000000000000e+00 0.000000000000000000e+00 0.000000000000000000e+00 0.000000000000000000e+00 0.000000000000000000e+00 0.000000000000000000e+00 0.000000000000000000e+00 0.000000000000000000e+00 0.000000000000000000e+00 0.000000000000000000e+00 0.000000000000000000e+00 1.139144000000000005e+02 0.000000000000000000e+00 1.071164950000000005e+02 0.000000000000000000e+00 0.000000000000000000e+00 0.000000000000000000e+00 1.259915720000000050e+02 0.000000000000000000e+00 0.000000000000000000e+00 1.056231360000000024e+02 1.030173960000000051e+02 0.000000000000000000e+00 0.000000000000000000e+00 0.000000000000000000e+00 0.000000000000000000e+00 0.000000000000000000e+00 0.000000000000000000e+00 0.000000000000000000e+00
1.361734069999999974e+02 7.913840500000000588e+01 8.539553800000000194e+01 0.000000000000000000e+00 0.000000000000000000e+00 1.400614610000000084e+02 1.656311800000000005e+02 1.141746909999999957e+02 0.000000000000000000e+00 1.706134710000000041e+02 1.948650800000000061e+01 1.519129120000000057e+02 4.718305900000000008e+01 1.195087780000000066e+02 0.000000000000000000e+00 0.000000000000000000e+00 4.235373100000000335e+01 0.000000000000000000e+00 1.888587199999999910e+01 0.000000000000000000e+00 1.244485719999999986e+02 0.000000000000000000e+00 1.181601500000000016e+02 1.712048020000000008e+02 0.000000000000000000e+00 2.939119399999999871e+01 5.849948599999999743e+01 1.686052840000000117e+02 1.206291580000000039e+02 1.268955590000000058e+02 4.590073900000000151e+01 9.447307800000000100e+01 0.000000000000000000e+00 5.140689499999999867e+01 0.000000000000000000e+00 0.000000000000000000e+00 0.000000000000000000e+00 0.000000000000000000e+00 0.000000000000000000e+00 0.000000000000000000e+00 0.000000000000000000e+00 0.000000000000000000e+00 0.000000000000000000e+00 0.000000000000000000e+00 8.984311099999999328e+01 0.000000000000000000e+00 8.698368200000000172e+01 0.000000000000000000e+00 0.000000000000000000e+00 0.000000000000000000e+00 0.000000000000000000e+00 9.740561599999999487e+01 1.063349819999999966e+02 0.000000000000000000e+00 0.000000000000000000e+00 0.000000000000000000e+00 0.000000000000000000e+00 0.000000000000000000e+00 0.000000000000000000e+00 9.693344199999999944e+01 9.528446099999999319e+01 0.000000000000000000e+00 0.000000000000000000e+00 0.000000000000000000e+00 9.734074099999999419e+01 0.000000000000000000e+00 0.000000000000000000e+00 0.000000000000000000e+00
1.252129780000000068e+02 7.806773499999999899e+01 6.268813600000000008e+01 0.000000000000000000e+00 0.000000000000000000e+00 1.421430709999999920e+02 1.421307840000000056e+02 1.317741680000000031e+02 1.422752989999999897e+02 1.670178300000000036e+02 2.460870399999999947e+01 1.512803370000000029e+02 6.481954100000000096e+01 1.283383469999999988e+02 0.000000000000000000e+00 1.166643389999999982e+02 2.521044799999999952e+01 1.888587199999999910e+01 0.000000000000000000e+00 0.000000000000000000e+00 1.056709819999999951e+02 1.112961789999999951e+02 9.151196600000000103e+01 1.589594390000000033e+02 0.000000000000000000e+00 3.391262900000000258e+01 5.778195800000000304e+01 1.657649949999999990e+02 1.162288360000000011e+02 1.057210489999999936e+02 5.523222400000000221e+01 1.000297350000000023e+02 9.939771600000000262e+01 4.359316799999999859e+01 0.000000000000000000e+00 0.000000000000000000e+00 1.241045649999999938e+02 0.000000000000000000e+00 0.000000000000000000e+00 0.000000000000000000e+00 0.000000000000000000e+00 0.000000000000000000e+00 0.000000000000000000e+00 0.000000000000000000e+00 1.026250139999999931e+02 0.000000000000000000e+00 1.004807339999999982e+02 1.855106330000000128e+02 0.000000000000000000e+00 0.000000000000000000e+00 1.155397829999999999e+02 1.056884399999999999e+02 1.089070119999999946e+02 0.000000000000000000e+00 0.000000000000000000e+00 0.000000000000000000e+00 0.000000000000000000e+00 2.136206439999999986e+02 6.514457299999999407e+01 1.033796040000000005e+02 1.059457859999999982e+02 2.321638849999999934e+02 0.000000000000000000e+00 2.166515499999999861e+02 0.000000000000000000e+00 0.000000000000000000e+00 0.000000000000000000e+00 0.000000000000000000e+00
0.000000000000000000e+00 0.000000000000000000e+00 0.000000000000000000e+00 1.626851500000000073e+01 9.120332799999999907e+01 6.368911700000000309e+01 5.147963500000000181e+01 9.016910000000000025e+01 4.667988499999999874e+01 1.592338799999999921e+01 1.473679530000000000e+02 1.411431900000000006e+01 1.262168779999999941e+02 9.403152199999999539e+01 7.894235700000000122e+01 0.000000000000000000e+00 0.000000000000000000e+00 0.000000000000000000e+00 0.000000000000000000e+00 0.000000000000000000e+00 0.000000000000000000e+00 0.000000000000000000e+00 0.000000000000000000e+00 4.583819799999999844e+01 0.000000000000000000e+00 1.955637769999999875e+02 1.770177999999999940e+02 2.863118599999999958e+01 1.063418570000000045e+02 0.000000000000000000e+00 0.000000000000000000e+00 1.179710699999999974e+02 0.000000000000000000e+00 1.050371200000000016e+02 0.000000000000000000e+00 0.000000000000000000e+00 0.000000000000000000e+00 1.436358909999999867e+02 0.000000000000000000e+00 1.379615100000000041e+02 1.381413469999999961e+02 1.649267600000000016e+02 0.000000000000000000e+00 1.451116519999999923e+02 0.000000000000000000e+00 1.276328850000000017e+02 0.000000000000000000e+00 1.725395619999999894e+02 0.000000000000000000e+00 0.000000000000000000e+00 0.000000000000000000e+00 0.000000000000000000e+00 0.000000000000000000e+00 5.542701000000000278e+01 0.000000000000000000e+00 0.000000000000000000e+00 0.000000000000000000e+00 1.007412389999999931e+02 0.000000000000000000e+00 0.000000000000000000e+00 0.000000000000000000e+00 1.374760459999999966e+02 1.782774860000000103e+02 0.000000000000000000e+00 0.000000000000000000e+00 0.000000000000000000e+00 0.000000000000000000e+00 0.000000000000000000e+00
7.538828599999999369e+01 0.000000000000000000e+00 6.760038600000000031e+01 0.000000000000000000e+00 0.000000000000000000e+00 8.374727599999999939e+01 5.651444200000000251e+01 8.852411899999999889e+01 0.000000000000000000e+00 8.241609300000000360e+01 1.264869170000000054e+02 0.000000000000000000e+00 0.000000000000000000e+00 8.605927200000000710e+01 0.000000000000000000e+00 2.188352000000000075e+01 5.843949400000000338e+01 1.244485719999999986e+02 1.056709819999999951e+02 0.000000000000000000e+00 0.000000000000000000e+00 5.793433399999999978e+01 3.423271299999999684e+01 1.655013100000000037e+01 0.000000000000000000e+00 9.939872699999999384e+01 5.869052599999999842e+01 2.058026299999999864e+01 6.184769500000000164e+01 2.991443800000000053e+01 0.000000000000000000e+00 0.000000000000000000e+00 0.000000000000000000e+00 2.630596099999999993e+01 1.432871989999999869e+02 0.000000000000000000e+00 1.395240340000000003e+02 0.000000000000000000e+00 0.000000000000000000e+00 0.000000000000000000e+00 1.353699190000000101e+02 1.707078500000000076e+02 0.000000000000000000e+00 0.000000000000000000e+00 0.000000000000000000e+00 0.000000000000000000e+00 0.000000000000000000e+00 1.549263610000000142e+02 0.000000000000000000e+00 1.255811290000000042e+02 0.000000000000000000e+00 0.000000000000000000e+00 0.000000000000000000e+00 0.000000000000000000e+00 1.277157990000000041e+02 6.942302100000000564e+01 1.231227959999999939e+02 1.218162870000000026e+02 0.000000000000000000e+00 0.000000000000000000e+00 1.274819590000000034e+02 1.316055450000000064e+02 1.486565589999999872e+02 1.318988310000000013e+02 0.000000000000000000e+00 0.000000000000000000e+00 0.000000000000000000e+00 0.000000000000000000e+00
0.000000000000000000e+00 4.852207500000000095e+01 0.000000000000000000e+00 0.000000000000000000e+00 1.097868100000000027e+02 0.000000000000000000e+00 0.000000000000000000e+00 0.000000000000000000e+00 2.837643100000000018e+01 0.000000000000000000e+00 9.955724800000000130e+01 0.000000000000000000e+00 8.807227600000000223e+01 0.000000000000000000e+00 9.342162799999999834e+01 3.290482300000000038e+01 0.000000000000000000e+00 0.000000000000000000e+00 1.112961789999999951e+02 0.000000000000000000e+00 5.793433399999999978e+01 0.000000000000000000e+00 5.164990199999999732e+01 3.026650599999999969e+01 7.434826499999999783e+01 9.181372299999999598e+01 4.805900400000000161e+01 6.056206000000000245e+01 0.000000000000000000e+00 0.000000000000000000e+00 1.014675629999999984e+02 1.331206579999999917e+02 0.000000000000000000e+00 0.000000000000000000e+00 0.000000000000000000e+00 0.000000000000000000e+00 0.000000000000000000e+00 0.000000000000000000e+00 0.000000000000000000e+00 0.000000000000000000e+00 7.371695400000000120e+01 0.000000000000000000e+00 0.000000000000000000e+00 0.000000000000000000e+00 1.380309609999999907e+02 0.000000000000000000e+00 1.320374329999999929e+02 0.000000000000000000e+00 0.000000000000000000e+00 6.541518999999999551e+01 0.000000000000000000e+00 0.000000000000000000e+00 0.000000000000000000e+00 0.000000000000000000e+00 6.997413899999999387e+01 1.825539799999999957e+01 7.229154200000000685e+01 5.401009200000000021e+01 0.000000000000000000e+00 0.000000000000000000e+00 6.976039000000000101e+01 6.996582300000000032e+01 0.000000000000000000e+00 7.613036599999999510e+01 0.000000000000000000e+00 0.000000000000000000e+00 0.000000000000000000e+00 0.000000000000000000e+00
8.743056400000000394e+01 0.000000000000000000e+00 3.879600299999999891e+01 0.000000000000000000e+00 0.000000000000000000e+00 1.079760239999999953e+02 7.554023399999999810e+01 1.044692720000000037e+02 0.000000000000000000e+00 1.072340990000000005e+02 1.451986469999999940e+02 0.000000000000000000e+00 0.000000000000000000e+00 1.043930419999999941e+02 0.000000000000000000e+00 1.602300999999999931e+01 3.172201599999999999e+01 1.181601500000000016e+02 9.151196600000000103e+01 0.000000000000000000e+00 3.423271299999999684e+01 5.164990199999999732e+01 0.000000000000000000e+00 6.239713299999999663e+01 0.000000000000000000e+00 6.802817600000000198e+01 3.649229499999999859e+01 5.021936199999999673e+01 7.993847999999999843e+01 5.580006199999999694e+01 0.000000000000000000e+00 1.536453970000000027e+02 0.000000000000000000e+00 3.064224000000000103e+01 0.000000000000000000e+00 0.000000000000000000e+00 1.050033540000000016e+02 0.000000000000000000e+00 0.000000000000000000e+00 0.000000000000000000e+00 0.000000000000000000e+00 0.000000000000000000e+00 0.000000000000000000e+00 0.000000000000000000e+00 0.000000000000000000e+00 0.000000000000000000e+00 0.000000000000000000e+00 0.000000000000000000e+00 0.000000000000000000e+00 1.135632540000000006e+02 1.197392399999999952e+02 0.000000000000000000e+00 0.000000000000000000e+00 0.000000000000000000e+00 1.259306459999999959e+02 5.952741300000000280e+01 1.141735740000000021e+02 1.480484289999999987e+02 0.000000000000000000e+00 1.177854690000000062e+02 1.021826680000000067e+02 1.504868519999999990e+02 0.000000000000000000e+00 1.380214789999999994e+02 0.000000000000000000e+00 0.000000000000000000e+00 0.000000000000000000e+00 0.000000000000000000e+00
