0.000000000000000000e+00 0.000000000000000000e+00 1.840000000000000056e-03 0.000000000000000000e+00 0.000000000000000000e+00 1.132999999999999893e-03 3.925300000000000317e-02 2.230700000000000044e-02 0.000000000000000000e+00 8.000000000000000654e-05 6.130000000000000466e-04 0.000000000000000000e+00 8.000000000000000654e-05 8.296000000000000596e-02 0.000000000000000000e+00 0.000000000000000000e+00 3.706999999999999792e-03 1.069999999999999988e-04 1.266999999999999897e-03 0.000000000000000000e+00 2.400000000000000061e-04 0.000000000000000000e+00 3.092999999999999829e-03 0.000000000000000000e+00 0.000000000000000000e+00 1.693000000000000060e-03 7.470000000000000511e-04 2.799999999999999755e-04 7.754700000000000482e-02 3.688000000000000306e-02 0.000000000000000000e+00 7.069999999999999462e-04 0.000000000000000000e+00 8.000000000000000383e-04 0.000000000000000000e+00 0.000000000000000000e+00 0.000000000000000000e+00 0.000000000000000000e+00 0.000000000000000000e+00 0.000000000000000000e+00 0.000000000000000000e+00 0.000000000000000000e+00 0.000000000000000000e+00 0.000000000000000000e+00 0.000000000000000000e+00 0.000000000000000000e+00 0.000000000000000000e+00 0.000000000000000000e+00 0.000000000000000000e+00 0.000000000000000000e+00 0.000000000000000000e+00 0.000000000000000000e+00 0.000000000000000000e+00 0.000000000000000000e+00 0.000000000000000000e+00 0.000000000000000000e+00 0.000000000000000000e+00 0.000000000000000000e+00 0.000000000000000000e+00 0.000000000000000000e+00 0.000000000000000000e+00 0.000000000000000000e+00 0.000000000000000000e+00 0.000000000000000000e+00 0.000000000000000000e+00 0.000000000000000000e+00 0.000000000000000000e+00 0.000000000000000000e+00
0.000000000000000000e+00 0.000000000000000000e+00 6.700000000000000226e-05 0.000000000000000000e+00 2.669999999999999847e-04 0.000000000000000000e+00 0.000000000000000000e+00 0.000000000000000000e+00 1.227000000000000009e-03 0.000000000000000000e+00 2.733000000000000186e-03 0.000000000000000000e+00 1.433300000000000025e-02 6.700000000000000226e-05 1.600000000000000131e-04 7.200000000000000453e-04 2.530000000000000239e-04 1.200000000000000030e-04 2.530000000000000239e-04 0.000000000000000000e+00 0.000000000000000000e+00 5.199999999999999544e-04 0.000000000000000000e+00 1.427000000000000100e-03 4.333000000000000046e-03 2.053000000000000137e-03 1.289299999999999995e-02 0.000000000000000000e+00 6.700000000000000226e-05 0.000000000000000000e+00 6.800000000000000488e-04 1.600000000000000131e-04 0.000000000000000000e+00 1.200000000000000030e-04 0.000000000000000000e+00 0.000000000000000000e+00 0.000000000000000000e+00 0.000000000000000000e+00 0.000000000000000000e+00 0.000000000000000000e+00 0.000000000000000000e+00 0.000000000000000000e+00 0.000000000000000000e+00 0.000000000000000000e+00 8.930000000000000221e-04 0.000000000000000000e+00 6.930000000000000396e-04 0.000000000000000000e+00 0.000000000000000000e+00 0.000000000000000000e+00 0.000000000000000000e+00 0.000000000000000000e+00 0.000000000000000000e+00 0.000000000000000000e+00 0.000000000000000000e+00 0.000000000000000000e+00 0.000000000000000000e+00 6.700000000000000226e-05 0.000000000000000000e+00 6.700000000000000226e-05 2.530000000000000239e-04 0.000000000000000000e+00 0.000000000000000000e+00 0.000000000000000000e+00 0.000000000000000000e+00 0.000000000000000000e+00 0.000000000000000000e+00 6.700000000000000226e-05
1.840000000000000056e-03 6.700000000000000226e-05 0.000000000000000000e+00 0.000000000000000000e+00 0.000000000000000000e+00 3.893000000000000193e-03 2.913299999999999917e-02 8.559999999999999901e-03 0.000000000000000000e+00 1.373000000000000088e-03 3.600000000000000227e-04 0.000000000000000000e+00 0.000000000000000000e+00 8.507000000000000672e-03 0.000000000000000000e+00 2.130000000000000003e-04 3.595999999999999891e-02 2.269999999999999882e-04 1.600000000000000077e-03 0.000000000000000000e+00 1.603999999999999870e-02 0.000000000000000000e+00 8.249299999999999689e-02 8.400000000000000348e-04 0.000000000000000000e+00 8.498699999999999311e-02 2.724000000000000032e-02 6.599999999999999964e-03 2.292999999999999899e-03 5.572999999999999829e-03 0.000000000000000000e+00 2.530000000000000239e-04 0.000000000000000000e+00 1.132999999999999893e-03 0.000000000000000000e+00 2.480000000000000000e-03 1.557300000000000004e-02 0.000000000000000000e+00 0.000000000000000000e+00 0.000000000000000000e+00 0.000000000000000000e+00 0.000000000000000000e+00 0.000000000000000000e+00 0.000000000000000000e+00 0.000000000000000000e+00 0.000000000000000000e+00 0.000000000000000000e+00 0.000000000000000000e+00 0.000000000000000000e+00 2.130000000000000003e-04 2.373000000000000109e-03 0.000000000000000000e+00 2.000000000000000096e-04 0.000000000000000000e+00 2.930000000000000204e-04 0.000000000000000000e+00 5.506999999999999743e-03 5.999999999999999474e-04 0.000000000000000000e+00 6.987000000000000155e-03 2.113299999999999901e-02 5.199999999999999544e-04 0.000000000000000000e+00 0.000000000000000000e+00 0.000000000000000000e+00 0.000000000000000000e+00 0.000000000000000000e+00 0.000000000000000000e+00
0.000000000000000000e+00 0.000000000000000000e+00 0.000000000000000000e+00 0.000000000000000000e+00 5.330000000000000536e-04 1.386999999999999995e-03 4.440000000000000370e-03 4.000000000000000192e-04 7.172999999999999689e-03 8.844000000000000472e-02 0.000000000000000000e+00 7.186999999999999812e-03 6.700000000000000226e-05 1.106999999999999911e-03 3.469999999999999777e-04 0.000000000000000000e+00 0.000000000000000000e+00 0.000000000000000000e+00 0.000000000000000000e+00 1.843869999999999953e-01 0.000000000000000000e+00 0.000000000000000000e+00 0.000000000000000000e+00 1.630699999999999858e-02 0.000000000000000000e+00 0.000000000000000000e+00 9.299999999999999727e-05 1.612270000000000092e-01 8.270000000000000441e-04 0.000000000000000000e+00 0.000000000000000000e+00 2.269999999999999882e-04 0.000000000000000000e+00 1.200000000000000030e-04 0.000000000000000000e+00 0.000000000000000000e+00 0.000000000000000000e+00 7.600000000000000418e-04 0.000000000000000000e+00 2.000000000000000096e-04 2.130000000000000003e-04 1.869999999999999917e-04 0.000000000000000000e+00 1.587000000000000086e-03 0.000000000000000000e+00 8.400000000000000348e-04 0.000000000000000000e+00 2.000000000000000096e-04 0.000000000000000000e+00 0.000000000000000000e+00 0.000000000000000000e+00 0.000000000000000000e+00 0.000000000000000000e+00 5.199999999999999544e-04 0.000000000000000000e+00 0.000000000000000000e+00 0.000000000000000000e+00 9.707000000000000350e-03 0.000000000000000000e+00 0.000000000000000000e+00 0.000000000000000000e+00 7.466999999999999679e-03 8.000000000000000654e-05 0.000000000000000000e+00 0.000000000000000000e+00 0.000000000000000000e+00 0.000000000000000000e+00 6.700000000000000226e-05
0.000000000000000000e+00 2.669999999999999847e-04 0.000000000000000000e+00 5.330000000000000536e-04 0.000000000000000000e+00 1.093000000000000005e-03 0.000000000000000000e+00 0.000000000000000000e+00 1.866999999999999953e-03 8.000000000000000654e-05 1.600000000000000131e-04 9.730000000000000151e-04 2.130000000000000003e-04 0.000000000000000000e+00 1.121300000000000074e-02 0.000000000000000000e+00 0.000000000000000000e+00 0.000000000000000000e+00 0.000000000000000000e+00 2.669999999999999847e-04 0.000000000000000000e+00 5.730000000000000501e-04 0.000000000000000000e+00 2.173000000000000018e-03 2.000000000000000096e-04 3.330000000000000169e-04 2.360000000000000119e-03 4.670000000000000214e-04 0.000000000000000000e+00 0.000000000000000000e+00 0.000000000000000000e+00 1.985299999999999912e-02 0.000000000000000000e+00 1.213000000000000102e-03 0.000000000000000000e+00 0.000000000000000000e+00 0.000000000000000000e+00 0.000000000000000000e+00 0.000000000000000000e+00 0.000000000000000000e+00 0.000000000000000000e+00 0.000000000000000000e+00 0.000000000000000000e+00 0.000000000000000000e+00 0.000000000000000000e+00 0.000000000000000000e+00 0.000000000000000000e+00 0.000000000000000000e+00 0.000000000000000000e+00 0.000000000000000000e+00 0.000000000000000000e+00 0.000000000000000000e+00 0.000000000000000000e+00 0.000000000000000000e+00 0.000000000000000000e+00 0.000000000000000000e+00 0.000000000000000000e+00 0.000000000000000000e+00 0.000000000000000000e+00 0.000000000000000000e+00 0.000000000000000000e+00 0.000000000000000000e+00 0.000000000000000000e+00 0.000000000000000000e+00 0.000000000000000000e+00 0.000000000000000000e+00 0.000000000000000000e+00 0.000000000000000000e+00
1.132999999999999893e-03 0.000000000000000000e+00 3.893000000000000193e-03 1.386999999999999995e-03 1.093000000000000005e-03 0.000000000000000000e+00 5.804000000000000131e-02 1.268930000000000058e-01 3.730000000000000134e-04 1.274270000000000125e-01 1.280000000000000105e-03 7.735999999999999821e-02 4.130000000000000099e-04 7.093000000000000346e-03 5.320000000000000076e-03 0.000000000000000000e+00 1.199999999999999895e-03 2.799999999999999755e-04 6.130000000000000466e-04 2.386999999999999799e-03 2.799999999999999755e-04 0.000000000000000000e+00 3.386999999999999820e-03 2.906999999999999862e-03 0.000000000000000000e+00 4.239999999999999845e-03 1.252999999999999991e-03 1.932000000000000037e-02 1.240000000000000000e-03 1.266999999999999897e-03 0.000000000000000000e+00 1.984000000000000000e-02 0.000000000000000000e+00 1.227000000000000009e-03 0.000000000000000000e+00 0.000000000000000000e+00 0.000000000000000000e+00 9.299999999999999727e-05 0.000000000000000000e+00 0.000000000000000000e+00 9.299999999999999727e-05 1.600000000000000131e-04 0.000000000000000000e+00 3.469999999999999777e-04 6.700000000000000226e-05 0.000000000000000000e+00 0.000000000000000000e+00 2.400000000000000061e-04 0.000000000000000000e+00 0.000000000000000000e+00 0.000000000000000000e+00 0.000000000000000000e+00 0.000000000000000000e+00 8.000000000000000654e-05 0.000000000000000000e+00 0.000000000000000000e+00 0.000000000000000000e+00 5.869999999999999567e-04 0.000000000000000000e+00 0.000000000000000000e+00 8.000000000000000654e-05 1.280000000000000105e-03 8.000000000000000654e-05 0.000000000000000000e+00 0.000000000000000000e+00 0.000000000000000000e+00 0.000000000000000000e+00 0.000000000000000000e+00
3.925300000000000317e-02 0.000000000000000000e+00 2.913299999999999917e-02 4.440000000000000370e-03 0.000000000000000000e+00 5.804000000000000131e-02 0.000000000000000000e+00 3.838699999999999751e-02 3.069999999999999812e-04 1.945199999999999985e-01 7.730000000000000326e-04 5.307000000000000085e-03 5.869999999999999567e-04 7.044000000000000261e-02 8.000000000000000654e-05 0.000000000000000000e+00 9.870000000000000301e-04 1.469999999999999953e-04 3.330000000000000169e-04 4.270000000000000249e-04 4.172999999999999626e-03 0.000000000000000000e+00 2.576000000000000165e-02 1.074699999999999961e-02 0.000000000000000000e+00 1.122699999999999913e-02 3.132999999999999934e-03 2.370269999999999877e-01 1.193299999999999916e-02 6.320000000000000617e-02 0.000000000000000000e+00 6.130000000000000466e-04 6.669999999999999497e-04 1.546999999999999981e-03 0.000000000000000000e+00 0.000000000000000000e+00 0.000000000000000000e+00 1.200000000000000030e-04 0.000000000000000000e+00 0.000000000000000000e+00 2.130000000000000003e-04 8.000000000000000654e-05 0.000000000000000000e+00 4.000000000000000192e-04 0.000000000000000000e+00 0.000000000000000000e+00 0.000000000000000000e+00 1.200000000000000030e-04 0.000000000000000000e+00 0.000000000000000000e+00 0.000000000000000000e+00 0.000000000000000000e+00 0.000000000000000000e+00 8.000000000000000654e-05 2.799999999999999755e-04 0.000000000000000000e+00 1.330000000000000073e-04 7.470000000000000511e-04 0.000000000000000000e+00 6.700000000000000226e-05 9.299999999999999727e-05 1.652999999999999955e-03 0.000000000000000000e+00 2.530000000000000239e-04 0.000000000000000000e+00 0.000000000000000000e+00 0.000000000000000000e+00 9.299999999999999727e-05
2.230700000000000044e-02 0.000000000000000000e+00 8.559999999999999901e-03 4.000000000000000192e-04 0.000000000000000000e+00 1.268930000000000058e-01 3.838699999999999751e-02 0.000000000000000000e+00 1.730000000000000038e-04 1.752000000000000085e-02 4.347000000000000169e-03 1.166700000000000029e-02 1.280000000000000105e-03 1.749999999999999889e-01 0.000000000000000000e+00 0.000000000000000000e+00 4.879999999999999789e-03 5.330000000000000536e-04 2.092999999999999809e-03 2.320000000000000014e-03 5.999999999999999474e-04 0.000000000000000000e+00 8.947000000000000092e-03 1.667000000000000079e-03 0.000000000000000000e+00 6.919999999999999936e-03 1.466999999999999988e-03 5.053000000000000200e-03 1.144000000000000052e-02 1.037300000000000028e-02 9.299999999999999727e-05 5.713300000000000323e-02 0.000000000000000000e+00 2.612999999999999871e-03 0.000000000000000000e+00 0.000000000000000000e+00 0.000000000000000000e+00 0.000000000000000000e+00 0.000000000000000000e+00 0.000000000000000000e+00 1.200000000000000030e-04 9.299999999999999727e-05 0.000000000000000000e+00 2.130000000000000003e-04 0.000000000000000000e+00 0.000000000000000000e+00 0.000000000000000000e+00 1.469999999999999953e-04 0.000000000000000000e+00 0.000000000000000000e+00 0.000000000000000000e+00 0.000000000000000000e+00 0.000000000000000000e+00 6.700000000000000226e-05 2.930000000000000204e-04 0.000000000000000000e+00 0.000000000000000000e+00 4.130000000000000099e-04 0.000000000000000000e+00 1.200000000000000030e-04 6.700000000000000226e-05 7.730000000000000326e-04 9.299999999999999727e-05 2.930000000000000204e-04 0.000000000000000000e+00 0.000000000000000000e+00 0.000000000000000000e+00 1.200000000000000030e-04
0.000000000000000000e+00 1.227000000000000009e-03 0.000000000000000000e+00 7.172999999999999689e-03 1.866999999999999953e-03 3.730000000000000134e-04 3.069999999999999812e-04 1.730000000000000038e-04 0.000000000000000000e+00 2.106999999999999932e-03 9.600000000000000243e-04 1.147000000000000016e-03 2.693000000000000081e-03 4.270000000000000249e-04 1.227000000000000009e-03 0.000000000000000000e+00 0.000000000000000000e+00 0.000000000000000000e+00 8.000000000000000654e-05 9.730000000000000151e-04 0.000000000000000000e+00 7.640000000000000090e-03 0.000000000000000000e+00 2.751999999999999932e-02 1.479999999999999979e-03 1.546999999999999981e-03 1.340000000000000045e-02 6.839999999999999726e-03 3.600000000000000227e-04 0.000000000000000000e+00 2.799999999999999755e-04 6.530000000000000431e-04 1.330000000000000073e-04 1.469999999999999953e-04 0.000000000000000000e+00 0.000000000000000000e+00 0.000000000000000000e+00 1.069999999999999988e-04 0.000000000000000000e+00 0.000000000000000000e+00 0.000000000000000000e+00 8.000000000000000654e-05 1.330000000000000073e-04 1.600000000000000131e-04 1.869999999999999917e-04 1.469999999999999953e-04 2.130000000000000003e-04 1.469999999999999953e-04 0.000000000000000000e+00 0.000000000000000000e+00 0.000000000000000000e+00 0.000000000000000000e+00 0.000000000000000000e+00 8.000000000000000654e-05 1.330000000000000073e-04 1.330000000000000073e-04 0.000000000000000000e+00 1.412999999999999977e-03 0.000000000000000000e+00 0.000000000000000000e+00 0.000000000000000000e+00 1.106999999999999911e-03 6.700000000000000226e-05 1.330000000000000073e-04 0.000000000000000000e+00 0.000000000000000000e+00 0.000000000000000000e+00 0.000000000000000000e+00
8.000000000000000654e-05 0.000000000000000000e+00 1.373000000000000088e-03 8.844000000000000472e-02 8.000000000000000654e-05 1.274270000000000125e-01 1.945199999999999985e-01 1.752000000000000085e-02 2.106999999999999932e-03 0.000000000000000000e+00 7.330000000000000361e-04 7.992000000000000492e-02 5.469999999999999602e-04 1.158700000000000008e-02 9.299999999999999727e-05 0.000000000000000000e+00 8.000000000000000654e-05 1.200000000000000030e-04 1.600000000000000131e-04 1.152269999999999961e-01 8.000000000000000654e-05 0.000000000000000000e+00 4.530000000000000064e-04 7.252999999999999899e-03 0.000000000000000000e+00 1.613000000000000067e-03 1.000000000000000021e-03 2.399070000000000091e-01 3.827000000000000107e-03 9.299999999999999727e-05 0.000000000000000000e+00 1.080000000000000014e-03 6.700000000000000226e-05 1.199999999999999895e-03 0.000000000000000000e+00 0.000000000000000000e+00 0.000000000000000000e+00 3.469999999999999777e-04 0.000000000000000000e+00 1.869999999999999917e-04 1.600000000000000131e-04 1.869999999999999917e-04 0.000000000000000000e+00 1.827000000000000065e-03 6.700000000000000226e-05 2.930000000000000204e-04 0.000000000000000000e+00 5.199999999999999544e-04 0.000000000000000000e+00 0.000000000000000000e+00 0.000000000000000000e+00 0.000000000000000000e+00 0.000000000000000000e+00 2.930000000000000204e-04 0.000000000000000000e+00 0.000000000000000000e+00 0.000000000000000000e+00 4.199999999999999740e-03 0.000000000000000000e+00 0.000000000000000000e+00 0.000000000000000000e+00 6.040000000000000230e-03 1.869999999999999917e-04 0.000000000000000000e+00 0.000000000000000000e+00 0.000000000000000000e+00 0.000000000000000000e+00 8.000000000000000654e-05
6.130000000000000466e-04 2.733000000000000186e-03 3.600000000000000227e-04 0.000000000000000000e+00 1.600000000000000131e-04 1.280000000000000105e-03 7.730000000000000326e-04 4.347000000000000169e-03 9.600000000000000243e-04 7.330000000000000361e-04 0.000000000000000000e+00 1.319999999999999993e-03 5.418699999999999906e-02 7.146999999999999707e-03 1.730000000000000038e-04 0.000000000000000000e+00 2.812999999999999962e-03 5.521299999999999819e-02 6.473299999999999887e-02 2.000000000000000096e-04 1.469999999999999953e-04 6.400000000000000524e-04 2.669999999999999847e-04 7.600000000000000418e-04 6.013000000000000116e-03 5.985300000000000342e-02 1.906700000000000061e-02 1.026999999999999918e-03 2.200000000000000133e-03 4.670000000000000214e-04 6.760000000000000384e-03 5.279999999999999971e-03 0.000000000000000000e+00 4.612000000000000127e-02 0.000000000000000000e+00 4.929999999999999487e-04 0.000000000000000000e+00 0.000000000000000000e+00 0.000000000000000000e+00 0.000000000000000000e+00 1.469999999999999953e-04 2.269999999999999882e-04 0.000000000000000000e+00 9.299999999999999727e-05 1.728000000000000022e-02 0.000000000000000000e+00 2.244000000000000161e-02 1.469999999999999953e-04 0.000000000000000000e+00 0.000000000000000000e+00 0.000000000000000000e+00 2.333000000000000004e-03 1.200000000000000030e-04 0.000000000000000000e+00 1.330000000000000073e-04 0.000000000000000000e+00 0.000000000000000000e+00 3.069999999999999812e-04 5.330000000000000536e-04 5.599999999999999943e-03 1.920000000000000049e-03 4.270000000000000249e-04 6.700000000000000226e-05 2.000000000000000096e-04 6.930000000000000396e-04 9.299999999999999727e-05 0.000000000000000000e+00 5.469999999999999602e-04
0.000000000000000000e+00 0.000000000000000000e+00 0.000000000000000000e+00 7.186999999999999812e-03 9.730000000000000151e-04 7.735999999999999821e-02 5.307000000000000085e-03 1.166700000000000029e-02 1.147000000000000016e-03 7.992000000000000492e-02 1.319999999999999993e-03 0.000000000000000000e+00 5.330000000000000536e-04 1.042700000000000050e-02 8.130000000000000291e-04 0.000000000000000000e+00 1.200000000000000030e-04 2.400000000000000061e-04 4.929999999999999487e-04 1.139069999999999944e-01 0.000000000000000000e+00 0.000000000000000000e+00 0.000000000000000000e+00 4.733000000000000228e-03 0.000000000000000000e+00 4.800000000000000122e-04 1.307000000000000002e-03 1.246700000000000065e-02 1.907000000000000058e-03 0.000000000000000000e+00 0.000000000000000000e+00 3.027000000000000177e-03 0.000000000000000000e+00 5.730000000000000501e-04 0.000000000000000000e+00 0.000000000000000000e+00 0.000000000000000000e+00 9.299999999999999727e-05 0.000000000000000000e+00 0.000000000000000000e+00 0.000000000000000000e+00 6.700000000000000226e-05 0.000000000000000000e+00 2.799999999999999755e-04 0.000000000000000000e+00 3.069999999999999812e-04 0.000000000000000000e+00 0.000000000000000000e+00 0.000000000000000000e+00 0.000000000000000000e+00 0.000000000000000000e+00 0.000000000000000000e+00 0.000000000000000000e+00 1.080000000000000014e-03 0.000000000000000000e+00 0.000000000000000000e+00 0.000000000000000000e+00 1.132999999999999893e-03 0.000000000000000000e+00 6.700000000000000226e-05 8.000000000000000654e-05 1.319999999999999993e-03 0.000000000000000000e+00 0.000000000000000000e+00 0.000000000000000000e+00 0.000000000000000000e+00 0.000000000000000000e+00 0.000000000000000000e+00
8.000000000000000654e-05 1.433300000000000025e-02 0.000000000000000000e+00 6.700000000000000226e-05 2.130000000000000003e-04 4.130000000000000099e-04 5.869999999999999567e-04 1.280000000000000105e-03 2.693000000000000081e-03 5.469999999999999602e-04 5.418699999999999906e-02 5.330000000000000536e-04 0.000000000000000000e+00 5.869999999999999567e-04 6.930000000000000396e-04 0.000000000000000000e+00 0.000000000000000000e+00 4.670000000000000214e-04 2.799999999999999755e-04 1.869999999999999917e-04 0.000000000000000000e+00 2.200000000000000133e-03 0.000000000000000000e+00 1.427000000000000100e-03 2.737300000000000150e-02 1.396000000000000019e-02 3.861300000000000149e-02 6.669999999999999497e-04 2.130000000000000003e-04 2.530000000000000239e-04 1.094700000000000013e-02 1.067000000000000023e-03 0.000000000000000000e+00 5.239999999999999866e-03 0.000000000000000000e+00 2.269999999999999882e-04 0.000000000000000000e+00 0.000000000000000000e+00 0.000000000000000000e+00 0.000000000000000000e+00 0.000000000000000000e+00 1.600000000000000131e-04 0.000000000000000000e+00 0.000000000000000000e+00 1.550699999999999995e-02 0.000000000000000000e+00 2.068000000000000047e-02 1.330000000000000073e-04 0.000000000000000000e+00 0.000000000000000000e+00 6.700000000000000226e-05 1.907000000000000058e-03 1.600000000000000131e-04 0.000000000000000000e+00 0.000000000000000000e+00 0.000000000000000000e+00 0.000000000000000000e+00 1.330000000000000073e-04 6.130000000000000466e-04 4.720000000000000237e-03 2.213000000000000123e-03 2.669999999999999847e-04 1.730000000000000038e-04 6.700000000000000226e-05 8.400000000000000348e-04 0.000000000000000000e+00 0.000000000000000000e+00 4.130000000000000099e-04
8.296000000000000596e-02 6.700000000000000226e-05 8.507000000000000672e-03 1.106999999999999911e-03 0.000000000000000000e+00 7.093000000000000346e-03 7.044000000000000261e-02 1.749999999999999889e-01 4.270000000000000249e-04 1.158700000000000008e-02 7.146999999999999707e-03 1.042700000000000050e-02 5.869999999999999567e-04 0.000000000000000000e+00 0.000000000000000000e+00 8.000000000000000654e-05 1.313300000000000058e-02 1.252999999999999991e-03 7.453000000000000423e-03 3.493000000000000011e-03 2.040000000000000147e-03 0.000000000000000000e+00 1.005299999999999944e-02 2.266999999999999918e-03 0.000000000000000000e+00 9.039999999999999425e-03 5.627000000000000057e-03 9.546999999999999931e-03 1.136400000000000049e-01 5.730699999999999683e-02 1.730000000000000038e-04 6.834700000000000497e-02 0.000000000000000000e+00 6.640000000000000069e-03 0.000000000000000000e+00 0.000000000000000000e+00 0.000000000000000000e+00 0.000000000000000000e+00 0.000000000000000000e+00 0.000000000000000000e+00 1.869999999999999917e-04 8.000000000000000654e-05 0.000000000000000000e+00 3.069999999999999812e-04 9.299999999999999727e-05 0.000000000000000000e+00 8.000000000000000654e-05 1.730000000000000038e-04 0.000000000000000000e+00 0.000000000000000000e+00 0.000000000000000000e+00 0.000000000000000000e+00 6.700000000000000226e-05 6.700000000000000226e-05 4.270000000000000249e-04 0.000000000000000000e+00 0.000000000000000000e+00 7.200000000000000453e-04 0.000000000000000000e+00 2.400000000000000061e-04 2.400000000000000061e-04 1.427000000000000100e-03 1.600000000000000131e-04 5.599999999999999509e-04 0.000000000000000000e+00 0.000000000000000000e+00 0.000000000000000000e+00 0.000000000000000000e+00
0.000000000000000000e+00 1.600000000000000131e-04 0.000000000000000000e+00 3.469999999999999777e-04 1.121300000000000074e-02 5.320000000000000076e-03 8.000000000000000654e-05 0.000000000000000000e+00 1.227000000000000009e-03 9.299999999999999727e-05 1.730000000000000038e-04 8.130000000000000291e-04 6.930000000000000396e-04 0.000000000000000000e+00 0.000000000000000000e+00 0.000000000000000000e+00 0.000000000000000000e+00 0.000000000000000000e+00 0.000000000000000000e+00 2.269999999999999882e-04 0.000000000000000000e+00 6.800000000000000488e-04 0.000000000000000000e+00 3.439999999999999915e-03 2.130000000000000003e-04 2.269999999999999882e-04 3.027000000000000177e-03 5.869999999999999567e-04 9.299999999999999727e-05 0.000000000000000000e+00 9.299999999999999727e-05 8.399999999999999481e-03 0.000000000000000000e+00 6.700000000000000226e-05 0.000000000000000000e+00 0.000000000000000000e+00 0.000000000000000000e+00 0.000000000000000000e+00 0.000000000000000000e+00 0.000000000000000000e+00 0.000000000000000000e+00 0.000000000000000000e+00 0.000000000000000000e+00 0.000000000000000000e+00 0.000000000000000000e+00 0.000000000000000000e+00 0.000000000000000000e+00 0.000000000000000000e+00 0.000000000000000000e+00 0.000000000000000000e+00 0.000000000000000000e+00 0.000000000000000000e+00 0.000000000000000000e+00 0.000000000000000000e+00 0.000000000000000000e+00 0.000000000000000000e+00 0.000000000000000000e+00 0.000000000000000000e+00 0.000000000000000000e+00 0.000000000000000000e+00 0.000000000000000000e+00 0.000000000000000000e+00 0.000000000000000000e+00 0.000000000000000000e+00 0.000000000000000000e+00 0.000000000000000000e+00 0.000000000000000000e+00 0.000000000000000000e+00
0.000000000000000000e+00 7.200000000000000453e-04 2.130000000000000003e-04 0.000000000000000000e+00 0.000000000000000000e+00 0.000000000000000000e+00 0.000000000000000000e+00 0.000000000000000000e+00 0.000000000000000000e+00 0.000000000000000000e+00 0.000000000000000000e+00 0.000000000000000000e+00 0.000000000000000000e+00 8.000000000000000654e-05 0.000000000000000000e+00 0.000000000000000000e+00 2.400000000000000061e-04 0.000000000000000000e+00 1.330000000000000073e-04 0.000000000000000000e+00 2.442700000000000080e-02 2.482699999999999838e-02 1.114529999999999965e-01 4.146999999999999645e-03 0.000000000000000000e+00 1.760000000000000063e-03 4.449299999999999783e-02 1.114700000000000066e-02 0.000000000000000000e+00 2.000000000000000096e-04 0.000000000000000000e+00 0.000000000000000000e+00 0.000000000000000000e+00 4.000000000000000192e-04 0.000000000000000000e+00 0.000000000000000000e+00 7.870000000000000476e-04 0.000000000000000000e+00 0.000000000000000000e+00 0.000000000000000000e+00 3.730000000000000134e-04 0.000000000000000000e+00 0.000000000000000000e+00 0.000000000000000000e+00 0.000000000000000000e+00 0.000000000000000000e+00 0.000000000000000000e+00 1.469999999999999953e-04 0.000000000000000000e+00 2.188000000000000014e-02 0.000000000000000000e+00 0.000000000000000000e+00 0.000000000000000000e+00 0.000000000000000000e+00 1.562699999999999853e-02 1.799999999999999951e-03 3.500000000000000333e-02 1.147000000000000016e-03 0.000000000000000000e+00 2.269999999999999882e-04 1.098700000000000024e-02 1.067000000000000023e-03 1.330000000000000073e-04 4.212999999999999731e-03 0.000000000000000000e+00 0.000000000000000000e+00 0.000000000000000000e+00 0.000000000000000000e+00
3.706999999999999792e-03 2.530000000000000239e-04 3.595999999999999891e-02 0.000000000000000000e+00 0.000000000000000000e+00 1.199999999999999895e-03 9.870000000000000301e-04 4.879999999999999789e-03 0.000000000000000000e+00 8.000000000000000654e-05 2.812999999999999962e-03 1.200000000000000030e-04 0.000000000000000000e+00 1.313300000000000058e-02 0.000000000000000000e+00 2.400000000000000061e-04 0.000000000000000000e+00 7.186999999999999812e-03 5.179999999999999882e-02 0.000000000000000000e+00 1.282699999999999986e-02 0.000000000000000000e+00 2.390700000000000117e-02 2.799999999999999755e-04 0.000000000000000000e+00 4.852000000000000063e-02 4.849300000000000138e-02 6.130000000000000466e-04 1.934699999999999961e-02 3.307999999999999829e-02 0.000000000000000000e+00 3.069999999999999812e-04 3.730000000000000134e-04 3.787000000000000002e-03 0.000000000000000000e+00 3.600000000000000227e-04 2.079999999999999818e-03 0.000000000000000000e+00 0.000000000000000000e+00 0.000000000000000000e+00 0.000000000000000000e+00 0.000000000000000000e+00 0.000000000000000000e+00 0.000000000000000000e+00 0.000000000000000000e+00 0.000000000000000000e+00 0.000000000000000000e+00 0.000000000000000000e+00 0.000000000000000000e+00 0.000000000000000000e+00 2.799999999999999755e-04 0.000000000000000000e+00 1.330000000000000073e-04 0.000000000000000000e+00 0.000000000000000000e+00 0.000000000000000000e+00 8.530000000000000256e-04 0.000000000000000000e+00 0.000000000000000000e+00 1.399999999999999986e-03 3.200000000000000153e-03 0.000000000000000000e+00 0.000000000000000000e+00 0.000000000000000000e+00 0.000000000000000000e+00 0.000000000000000000e+00 0.000000000000000000e+00 0.000000000000000000e+00
1.069999999999999988e-04 1.200000000000000030e-04 2.269999999999999882e-04 0.000000000000000000e+00 0.000000000000000000e+00 2.799999999999999755e-04 1.469999999999999953e-04 5.330000000000000536e-04 0.000000000000000000e+00 1.200000000000000030e-04 5.521299999999999819e-02 2.400000000000000061e-04 4.670000000000000214e-04 1.252999999999999991e-03 0.000000000000000000e+00 0.000000000000000000e+00 7.186999999999999812e-03 0.000000000000000000e+00 7.001300000000000578e-02 0.000000000000000000e+00 1.869999999999999917e-04 0.000000000000000000e+00 1.730000000000000038e-04 1.069999999999999988e-04 0.000000000000000000e+00 3.470700000000000174e-02 4.373000000000000151e-03 1.469999999999999953e-04 8.670000000000000406e-04 4.929999999999999487e-04 3.600000000000000227e-04 5.599999999999999509e-04 0.000000000000000000e+00 3.027000000000000177e-03 0.000000000000000000e+00 0.000000000000000000e+00 0.000000000000000000e+00 0.000000000000000000e+00 0.000000000000000000e+00 0.000000000000000000e+00 0.000000000000000000e+00 0.000000000000000000e+00 0.000000000000000000e+00 0.000000000000000000e+00 1.613000000000000067e-03 0.000000000000000000e+00 1.533000000000000074e-03 0.000000000000000000e+00 0.000000000000000000e+00 0.000000000000000000e+00 0.000000000000000000e+00 9.470000000000000336e-04 9.299999999999999727e-05 0.000000000000000000e+00 0.000000000000000000e+00 0.000000000000000000e+00 0.000000000000000000e+00 0.000000000000000000e+00 0.000000000000000000e+00 1.652999999999999955e-03 7.730000000000000326e-04 0.000000000000000000e+00 0.000000000000000000e+00 0.000000000000000000e+00 1.469999999999999953e-04 0.000000000000000000e+00 0.000000000000000000e+00 0.000000000000000000e+00
1.266999999999999897e-03 2.530000000000000239e-04 1.600000000000000077e-03 0.000000000000000000e+00 0.000000000000000000e+00 6.130000000000000466e-04 3.330000000000000169e-04 2.092999999999999809e-03 8.000000000000000654e-05 1.600000000000000131e-04 6.473299999999999887e-02 4.929999999999999487e-04 2.799999999999999755e-04 7.453000000000000423e-03 0.000000000000000000e+00 1.330000000000000073e-04 5.179999999999999882e-02 7.001300000000000578e-02 0.000000000000000000e+00 0.000000000000000000e+00 1.227000000000000009e-03 6.700000000000000226e-05 2.239999999999999804e-03 1.869999999999999917e-04 0.000000000000000000e+00 1.034130000000000049e-01 1.495999999999999934e-02 1.730000000000000038e-04 8.640000000000000110e-03 3.599999999999999901e-03 3.469999999999999777e-04 9.600000000000000243e-04 6.930000000000000396e-04 2.081300000000000164e-02 0.000000000000000000e+00 0.000000000000000000e+00 1.069999999999999988e-04 0.000000000000000000e+00 0.000000000000000000e+00 0.000000000000000000e+00 0.000000000000000000e+00 0.000000000000000000e+00 0.000000000000000000e+00 0.000000000000000000e+00 5.599999999999999509e-04 0.000000000000000000e+00 5.330000000000000536e-04 1.069999999999999988e-04 0.000000000000000000e+00 0.000000000000000000e+00 1.069999999999999988e-04 3.069999999999999812e-04 4.929999999999999487e-04 0.000000000000000000e+00 0.000000000000000000e+00 0.000000000000000000e+00 0.000000000000000000e+00 1.330000000000000073e-04 8.000000000000000654e-05 2.520000000000000104e-03 1.453000000000000081e-03 6.700000000000000226e-05 0.000000000000000000e+00 9.299999999999999727e-05 0.000000000000000000e+00 0.000000000000000000e+00 0.000000000000000000e+00 0.000000000000000000e+00
0.000000000000000000e+00 0.000000000000000000e+00 0.000000000000000000e+00 1.843869999999999953e-01 2.669999999999999847e-04 2.386999999999999799e-03 4.270000000000000249e-04 2.320000000000000014e-03 9.730000000000000151e-04 1.152269999999999961e-01 2.000000000000000096e-04 1.139069999999999944e-01 1.869999999999999917e-04 3.493000000000000011e-03 2.269999999999999882e-04 0.000000000000000000e+00 0.000000000000000000e+00 0.000000000000000000e+00 0.000000000000000000e+00 0.000000000000000000e+00 0.000000000000000000e+00 0.000000000000000000e+00 0.000000000000000000e+00 6.599999999999999964e-03 0.000000000000000000e+00 9.299999999999999727e-05 3.069999999999999812e-04 6.241300000000000320e-02 1.000000000000000021e-03 0.000000000000000000e+00 0.000000000000000000e+00 4.530000000000000064e-04 0.000000000000000000e+00 1.330000000000000073e-04 0.000000000000000000e+00 0.000000000000000000e+00 0.000000000000000000e+00 2.799999999999999755e-04 0.000000000000000000e+00 1.469999999999999953e-04 8.000000000000000654e-05 9.299999999999999727e-05 0.000000000000000000e+00 1.293000000000000095e-03 0.000000000000000000e+00 5.599999999999999509e-04 0.000000000000000000e+00 2.000000000000000096e-04 0.000000000000000000e+00 0.000000000000000000e+00 0.000000000000000000e+00 0.000000000000000000e+00 0.000000000000000000e+00 9.470000000000000336e-04 0.000000000000000000e+00 0.000000000000000000e+00 0.000000000000000000e+00 4.612999999999999913e-03 0.000000000000000000e+00 0.000000000000000000e+00 0.000000000000000000e+00 4.959999999999999999e-03 8.000000000000000654e-05 0.000000000000000000e+00 0.000000000000000000e+00 0.000000000000000000e+00 0.000000000000000000e+00 0.000000000000000000e+00
2.400000000000000061e-04 0.000000000000000000e+00 1.603999999999999870e-02 0.000000000000000000e+00 0.000000000000000000e+00 2.799999999999999755e-04 4.172999999999999626e-03 5.999999999999999474e-04 0.000000000000000000e+00 8.000000000000000654e-05 1.469999999999999953e-04 0.000000000000000000e+00 0.000000000000000000e+00 2.040000000000000147e-03 0.000000000000000000e+00 2.442700000000000080e-02 1.282699999999999986e-02 1.869999999999999917e-04 1.227000000000000009e-03 0.000000000000000000e+00 0.000000000000000000e+00 7.200000000000000453e-04 1.154799999999999993e-01 1.330000000000000073e-04 0.000000000000000000e+00 1.098700000000000024e-02 8.226999999999999938e-03 4.880000000000000310e-02 2.347000000000000128e-03 8.489299999999999624e-02 0.000000000000000000e+00 0.000000000000000000e+00 0.000000000000000000e+00 2.386699999999999933e-02 6.700000000000000226e-05 0.000000000000000000e+00 1.330000000000000073e-04 0.000000000000000000e+00 0.000000000000000000e+00 0.000000000000000000e+00 4.400000000000000157e-04 8.000000000000000654e-05 0.000000000000000000e+00 0.000000000000000000e+00 0.000000000000000000e+00 0.000000000000000000e+00 0.000000000000000000e+00 9.299999999999999727e-05 0.000000000000000000e+00 4.107000000000000407e-03 0.000000000000000000e+00 0.000000000000000000e+00 0.000000000000000000e+00 0.000000000000000000e+00 8.427000000000000463e-03 2.530000000000000239e-04 1.103999999999999947e-02 3.730000000000000134e-04 0.000000000000000000e+00 0.000000000000000000e+00 7.600000000000000418e-04 5.069999999999999637e-04 1.469999999999999953e-04 5.466999999999999638e-03 0.000000000000000000e+00 0.000000000000000000e+00 0.000000000000000000e+00 0.000000000000000000e+00
0.000000000000000000e+00 5.199999999999999544e-04 0.000000000000000000e+00 0.000000000000000000e+00 5.730000000000000501e-04 0.000000000000000000e+00 0.000000000000000000e+00 0.000000000000000000e+00 7.640000000000000090e-03 0.000000000000000000e+00 6.400000000000000524e-04 0.000000000000000000e+00 2.200000000000000133e-03 0.000000000000000000e+00 6.800000000000000488e-04 2.482699999999999838e-02 0.000000000000000000e+00 0.000000000000000000e+00 6.700000000000000226e-05 0.000000000000000000e+00 7.200000000000000453e-04 0.000000000000000000e+00 5.199999999999999544e-04 9.173000000000000598e-03 8.930000000000000221e-04 6.269999999999999532e-04 1.137299999999999943e-02 8.270000000000000441e-04 0.000000000000000000e+00 0.000000000000000000e+00 1.730000000000000038e-04 2.000000000000000096e-04 0.000000000000000000e+00 0.000000000000000000e+00 0.000000000000000000e+00 0.000000000000000000e+00 0.000000000000000000e+00 0.000000000000000000e+00 0.000000000000000000e+00 0.000000000000000000e+00 9.299999999999999727e-05 0.000000000000000000e+00 0.000000000000000000e+00 0.000000000000000000e+00 8.000000000000000654e-05 0.000000000000000000e+00 1.469999999999999953e-04 0.000000000000000000e+00 0.000000000000000000e+00 1.773000000000000053e-03 0.000000000000000000e+00 0.000000000000000000e+00 0.000000000000000000e+00 0.000000000000000000e+00 8.670000000000000406e-04 2.130000000000000003e-04 1.386999999999999995e-03 4.270000000000000249e-04 0.000000000000000000e+00 0.000000000000000000e+00 1.240000000000000000e-03 3.069999999999999812e-04 0.000000000000000000e+00 1.200000000000000030e-04 0.000000000000000000e+00 0.000000000000000000e+00 0.000000000000000000e+00 0.000000000000000000e+00
3.092999999999999829e-03 0.000000000000000000e+00 8.249299999999999689e-02 0.000000000000000000e+00 0.000000000000000000e+00 3.386999999999999820e-03 2.576000000000000165e-02 8.947000000000000092e-03 0.000000000000000000e+00 4.530000000000000064e-04 2.669999999999999847e-04 0.000000000000000000e+00 0.000000000000000000e+00 1.005299999999999944e-02 0.000000000000000000e+00 1.114529999999999965e-01 2.390700000000000117e-02 1.730000000000000038e-04 2.239999999999999804e-03 0.000000000000000000e+00 1.154799999999999993e-01 5.199999999999999544e-04 0.000000000000000000e+00 1.132999999999999893e-03 0.000000000000000000e+00 1.929300000000000112e-02 9.761300000000000532e-02 5.075999999999999956e-02 5.453000000000000382e-03 5.345300000000000051e-02 0.000000000000000000e+00 2.530000000000000239e-04 0.000000000000000000e+00 1.484000000000000076e-02 0.000000000000000000e+00 0.000000000000000000e+00 8.200000000000000691e-03 0.000000000000000000e+00 0.000000000000000000e+00 0.000000000000000000e+00 0.000000000000000000e+00 0.000000000000000000e+00 0.000000000000000000e+00 0.000000000000000000e+00 0.000000000000000000e+00 0.000000000000000000e+00 0.000000000000000000e+00 0.000000000000000000e+00 0.000000000000000000e+00 5.852999999999999696e-03 2.799999999999999755e-04 0.000000000000000000e+00 0.000000000000000000e+00 0.000000000000000000e+00 3.533000000000000116e-03 2.530000000000000239e-04 5.230699999999999933e-02 3.069999999999999812e-04 0.000000000000000000e+00 2.130000000000000003e-04 2.829299999999999871e-02 3.600000000000000227e-04 0.000000000000000000e+00 2.400000000000000061e-04 0.000000000000000000e+00 0.000000000000000000e+00 0.000000000000000000e+00 0.000000000000000000e+00
