0.00000000 94.48125771 33.29941231 16.17668962 26.41590259 38.46357411 54.63772161 
94.48125771 0.00000000 69.84566512 92.65313354 77.01056394 56.37018872 67.67336573 
33.29941231 69.84566512 0.00000000 25.90934474 25.51171961 63.33243420 72.80480024 
16.17668962 92.65313354 25.90934474 0.00000000 20.61732860 31.57549412 48.07808334 
26.41590259 77.01056394 25.51171961 20.61732860 0.00000000 24.65708269 40.17322442 
38.46357411 56.37018872 63.33243420 31.57549412 24.65708269 0.00000000 23.94552910 
54.63772161 67.67336573 72.80480024 48.07808334 40.17322442 23.94552910 0.00000000 
