0.00166350 0.00000000 0.00165796 0.00145587 0.00204411 0.00303590 0.00086571
0.02291268 0.00165796 0.00000000 0.02237477 0.01613437 0.00581966 0.00210967
0.09947887 0.00145587 0.02237477 0.00000000 0.06329819 0.02948236 0.00763207
0.05937830 0.00204411 0.01613437 0.06329819 0.00000000 0.04634591 0.01122494
0.02520108 0.00303590 0.00581966 0.02948236 0.04634591 0.00000000 0.02150054
0.00669425 0.00086571 0.00210967 0.00763207 0.01122494 0.02150054 0.00000000
0.00049513 0.00101349 0.00000000 0.00000000 0.00000000 0.00000000 0.00000000
